72 213 37
203 586 81
978 108 18
67 467 23
198 277 29
336 166 57
387 974 39
382 774 27
380 120 61
334 317 93
356 998 42
399 412 41
39 709 97
759 462 41
89 224 12
505 609 46
404 901 40
717 236 33
384 112 27
285 465 68
902 804 95
294 790 10
816 586 75
729 920 96
35 504 30
15 178 57
418 883 61
724 45 26
179 569 47
856 744 12
488 350 47
880 152 42
330 256 77
164 502 64
189 393 31
592 41 80
911 67 30
252 415 43
268 466 43
786 530 79
989 711 72
757 377 47
244 156 96
919 967 11
985 311 29
319 527 74
324 438 39
457 532 27
261 885 46
376 251 75
707 502 73
268 375 29
35 783 31
64 527 72
442 930 32
120 535 50
773 60 63
30 629 40
445 552 15
670 436 74
828 511 55
692 924 98
823 151 55
433 408 48
79 371 36
287 269 12
341 333 40
192 149 34
126 320 50
706 407 59
509 347 95
106 585 77
766 414 50
595 783 27
872 406 18
64 279 67
263 399 96
299 490 40
152 206 84
847 812 16
178 925 21
625 674 74
102 594 21
448 893 48
901 89 54
802 994 48
267 333 26
659 532 30
83 345 42
580 286 67
22 1000 76
875 530 63
855 684 86
16 801 74
7 807 34
76 236 57
712 757 88
184 477 38
16 777 29
665 29 41
742 758 67
68 440 11
402 273 42
729 657 26
195 322 79
934 752 74
413 653 85
588 572 75
830 327 43
28 793 32
397 886 38
769 530 42
372 242 61
366 755 24
569 977 32
635 376 70
488 365 85
528 834 71
454 956 79
973 883 57
901 750 38
225 905 99
140 221 67
835 192 19
34 25 89
868 710 56
711 631 57
875 188 66
845 568 14
198 349 31
593 517 73
851 573 60
516 808 81
528 46 94
862 499 35
835 680 40
512 247 14
815 112 30
977 354 41
61 477 61
146 909 27
698 138 93
957 540 85
828 632 49
851 664 25
603 247 38
319 912 21
818 586 33
975 108 27
352 155 44
866 7 61
5 400 21
634 10 32
107 84 51
355 39 56
180 867 16
886 151 38
600 666 58
734 480 17
374 887 84
204 871 43
615 426 90
817 157 96
972 152 94
625 922 82
419 120 33
712 100 56
783 714 24
612 560 33
297 228 63
961 121 93
99 520 99
221 857 63
563 639 87
297 511 17
326 712 77
791 311 46
46 285 38
671 551 66
803 908 13
738 839 37
659 149 87
560 661 28
291 980 55
891 36 81
659 871 77
946 657 62
6 683 98
661 126 45
301 910 14
301 331 52
149 808 92
940 251 66
860 782 62
39 217 40
379 606 72
767 124 48
875 600 36
848 661 71
533 686 72
998 251 43
604 4 82
294 138 55
190 668 96
5 962 77
313 430 29
865 103 60
416 424 43
857 159 57
66 877 52
473 87 71
327 941 61
25 86 12
800 960 57
39 143 93
447 583 18
606 670 18
663 186 69
26 544 25
800 681 38
710 400 69
330 240 53
84 975 72
392 789 66
997 452 25
939 360 52
676 258 77
426 528 10
277 518 86
538 676 33
149 581 53
124 125 77
736 9 87
80 680 29
39 862 17
590 569 48
324 258 68
676 209 31
556 133 83
25 792 55
503 719 91
612 135 83
711 215 92
822 502 60
724 992 76
167 828 44
792 563 38
400 536 38
668 214 87
25 125 59
307 142 25
748 884 39
96 427 25
248 177 95
434 324 13
535 39 42
575 610 61
55 744 51
208 343 45
623 958 76
595 448 67
248 566 36
712 916 26
606 623 22
609 985 38
190 673 41
557 484 41
411 89 16
177 391 34
346 391 99
483 375 17
395 905 12
443 592 39
62 883 30
430 63 35
112 855 40
131 943 32
120 713 60
523 923 36
623 1000 30
62 597 85
769 425 86
100 394 94
960 998 25
989 744 27
422 337 39
224 946 57
625 293 67
434 628 83
685 463 52
250 737 70
643 151 96
641 583 82
741 870 91
611 260 24
371 510 86
189 464 46
573 740 86
468 974 84
842 379 17
250 537 40
952 109 65
656 413 35
682 404 56
842 776 26
817 32 30
800 164 11
711 306 37
169 749 55
368 175 74
807 10 62
431 551 19
747 991 76
996 77 65
749 858 34
244 860 25
895 824 83
57 260 54
994 494 10
424 935 71
732 573 64
611 730 91
975 628 23
44 298 42
834 497 44
1 454 17
425 796 61
162 705 83
395 378 62
309 823 23
711 648 76
356 204 96
107 996 59
891 37 29
221 670 18
412 765 86
229 765 10
506 291 24
329 386 32
302 307 40
447 657 65
335 100 23
685 576 84
652 296 17
216 327 94
624 742 79
853 993 33
760 487 26
808 243 75
695 420 29
508 972 16
831 465 98
912 422 97
765 95 96
561 415 49
324 480 12
75 523 54
866 718 14
6 389 71
851 141 39
237 332 36
522 485 25
916 747 29
144 311 18
706 941 91
466 891 14
368 383 45
447 637 62
905 591 72
228 560 66
290 232 17
237 261 31
865 224 91
648 855 67
151 564 31
319 773 75
252 961 78
963 575 52
164 109 28
666 721 79
115 713 46
940 799 51
110 973 56
819 581 10
553 648 61
373 578 88
39 269 53
128 52 53
492 158 11
880 536 97
891 313 50
127 793 70
809 381 91
187 230 73
987 63 23
398 862 67
174 941 43
724 105 41
584 271 32
202 739 34
253 751 41
600 959 46
59 613 37
412 897 30
287 365 58
897 773 63
917 413 64
689 326 17
30 640 10
383 887 21
570 511 75
761 666 96
367 833 47
433 677 81
314 235 78
219 523 23
967 124 93
756 490 60
618 767 10
40 301 55
453 730 59
915 706 38
199 943 40
277 606 41
135 263 63
759 180 57
564 948 52
829 904 38
881 628 87
433 573 84
942 160 83
230 831 91
50 421 74
415 687 60
517 697 67
634 293 64
657 821 71
164 657 74
509 499 21
267 443 92
625 301 76
536 514 16
829 17 79
779 660 73
500 631 20
797 981 88
973 870 92
803 984 61
401 351 97
384 342 70
435 358 56
868 120 88
398 700 94
957 109 87
599 612 11
562 395 90
927 108 93
461 32 97
778 965 42
838 789 22
697 748 25
352 775 56
49 312 69
874 137 81
64 490 32
489 210 49
980 253 25
651 938 99
939 233 38
698 634 58
339 757 78
181 271 60
95 181 39
224 630 76
184 746 70
867 677 91
977 639 56
529 272 69
739 440 67
366 258 24
785 201 73
964 688 51
666 363 46
47 279 69
155 373 71
481 614 78
472 642 31
79 117 12
847 579 58
747 341 77
417 811 57
646 212 20
980 57 24
426 591 18
347 280 18
866 512 96
289 199 33
421 668 27
678 530 39
827 981 88
357 699 29
15 40 19
799 877 80
155 470 75
208 129 77
128 436 67
953 43 80
931 584 85
129 942 74
471 795 28
262 829 33
195 124 40
257 39 22
406 847 63
573 790 43
184 685 99
360 509 23
94 406 56
700 105 81
613 327 90
103 875 52
92 240 68
289 742 16
739 585 78
838 794 24
475 98 99
100 872 46
10 348 34
456 708 45
851 88 48
799 122 85
491 733 95
619 111 15
657 543 20
193 755 34
710 448 23
572 131 51
808 897 35
839 214 13
481 45 38
115 567 83
384 773 78
908 510 74
10 768 74
251 304 37
966 326 97
291 273 52
47 612 10
670 875 73
844 754 75
754 555 33
818 327 18
830 5 73
489 111 69
74 758 16
874 508 61
767 119 77
338 49 66
997 368 64
775 573 40
371 167 40
922 543 51
143 741 90
437 320 26
798 989 90
904 255 10
233 598 21
173 333 39
780 986 83
600 815 24
497 490 73
991 61 68
232 39 21
956 255 14
686 962 35
500 860 92
951 324 77
211 531 41
747 602 22
754 42 70
108 511 89
402 77 31
282 87 46
392 143 13
77 399 48
849 474 74
476 323 13
629 150 99
326 393 16
321 948 42
134 752 24
603 139 78
293 82 24
628 705 36
998 27 20
881 280 48
798 125 14
892 970 77
503 927 22
72 349 93
104 687 87
616 358 62
681 30 53
981 806 19
72 320 56
571 896 18
780 283 49
624 402 34
452 780 20
790 399 24
895 35 14
547 65 70
763 194 98
209 541 57
340 644 48
999 125 32
108 772 41
326 610 63
991 293 91
3 157 24
140 247 57
886 442 60
248 391 83
437 558 72
460 844 53
967 308 96
213 316 44
85 556 45
426 48 47
989 693 45
763 575 84
207 672 17
567 505 89
815 989 87
862 923 58
393 562 98
58 177 14
773 873 55
247 575 50
310 112 26
371 7 73
592 697 93
174 218 57
18 712 71
787 971 47
25 762 12
625 715 96
269 347 89
170 257 48
614 935 11
836 219 93
116 283 23
736 281 86
890 163 42
713 662 85
958 63 51
561 430 96
20 459 46
354 335 13
971 963 61
251 21 17
722 418 81
645 148 97
579 806 10
874 136 63
702 541 11
72 185 27
989 319 29
983 347 17
33 809 97
781 256 44
759 40 64
468 925 16
119 330 94
584 495 89
877 118 30
235 90 95
378 573 99
471 28 93
876 440 26
423 344 21
258 696 49
321 351 77
673 686 20
635 368 43
421 497 76
850 790 69
348 444 31
731 239 13
947 788 32
86 277 94
578 727 61
208 813 56
780 817 70
189 102 64
995 743 85
176 396 21
557 678 97
831 528 39
185 175 84
702 301 73
520 777 75
24 820 24
138 185 85
790 574 11
883 729 39
149 140 28
726 829 75
691 536 83
420 254 66
391 230 71
691 524 12
548 640 17
346 206 33
480 95 30
729 168 86
29 347 62
494 737 66
316 772 42
529 750 81
91 951 30
147 832 31
794 31 14
531 247 67
66 927 76
83 778 69
611 671 46
928 268 58
378 918 87
508 895 80
451 55 16
979 400 60
440 247 12
562 833 38
486 539 76
351 411 63
761 115 86
246 463 33
149 352 83
516 564 48
109 332 69
534 836 15
1 907 93
859 46 47
905 873 62
742 376 84
135 20 99
532 703 17
637 562 54
519 398 76
710 923 17
925 822 31
976 438 51
638 654 86
652 874 94
341 27 93
193 835 97
175 172 24
464 629 20
656 419 81
64 989 72
691 752 88
36 567 24
29 140 27
180 665 74
951 480 84
553 231 83
806 766 82
94 595 37
110 163 67
888 26 32
320 915 53
734 470 52
729 496 12
94 793 75
491 408 13
301 892 11
389 951 29
904 925 57
378 141 47
548 326 30
366 741 74
503 330 65
158 754 15
635 925 26
442 687 47
94 17 43
408 747 70
788 281 83
64 87 63
778 602 21
661 797 51
801 17 76
857 946 18
178 328 36
574 946 27
347 236 75
639 902 48
784 326 16
648 394 10
413 647 50
388 526 38
462 219 56
561 650 87
953 911 49
709 697 54
636 865 64
971 105 65
529 128 35
545 274 58
889 4 25
452 969 45
681 990 70
68 177 15
345 928 10
894 899 18
603 451 17
432 194 29
111 363 66
716 495 80
115 514 49
917 756 32
923 220 98
927 491 98
69 531 68
999 933 75
261 994 10
743 778 97
356 911 62
969 572 97
146 498 92
292 159 86
557 22 63
608 384 88
223 683 22
319 873 59
211 885 48
642 280 15
933 179 32
652 121 55
829 669 78
240 754 70
220 143 44
826 619 35
253 106 73
353 632 34
755 966 67
533 938 62
561 17 26
256 272 49
182 511 43
370 463 13
272 981 17
368 699 27
673 195 80
708 611 94
638 642 39
189 840 37
461 149 87
15 236 85
760 146 81
518 338 45
249 497 76
123 485 73
351 128 68
306 96 88
779 330 85
490 168 41
23 131 52
88 372 37
231 871 14
388 696 31
192 956 94
587 167 46
352 391 95
386 627 57
383 731 95
108 482 58
661 932 34
673 270 16
173 902 20
106 616 95
581 222 45
129 787 24
488 402 71
671 115 40
214 785 97
462 63 55
417 350 15
579 556 91
675 841 12
758 559 18
943 598 68
790 567 32
572 620 77
492 52 81
298 957 72
634 391 85
67 999 86
627 456 81
267 582 17
303 246 72
652 549 55
5 863 98
986 548 95
242 816 44
693 724 30
214 937 12
720 655 14
919 784 95
630 930 21
724 854 68
86 42 75
21 451 76
603 416 25
802 244 86
294 466 31
315 421 66
137 557 24
149 774 98
73 544 64
97 873 67
125 509 80
925 934 74
120 194 63
681 76 33
539 10 30
23 564 44
655 854 35
215 364 19
509 995 73
401 599 47
887 448 15
470 462 47
491 740 50
367 444 94
868 125 21
404 909 18
979 350 80
669 901 90
47 944 36
528 578 70
640 839 83
526 140 54
861 261 22
818 673 57
800 245 52
387 248 45
47 900 49
947 712 84
673 390 64
231 928 44
948 695 11
215 109 52
524 290 18
354 110 59
340 598 54
319 593 85
446 53 85
844 981 56
358 586 48
290 872 83
787 247 23
300 566 76
197 904 70
702 491 66
683 677 50
769 520 16
174 488 26
123 952 15
666 101 64
304 279 93
677 862 33
144 887 43
74 621 27
189 135 63
809 200 98
626 473 90
748 716 37
470 88 37
478 632 13
145 605 53
696 941 74
910 732 69
370 395 87
252 955 35
377 480 22
8 320 52
714 979 67
687 901 37
229 211 83
52 592 18
790 969 36
643 674 97
371 449 65
5 270 95
34 167 45
271 485 57
38 208 15
315 659 32
